Frequency (Hz);Amplitude (V);Phase (deg)
30991.28713512142; 4.51097100195e-09; 89.5494334752
30991.61912795153; 4.81726317821e-09; 102.105118058
30991.95112078165; 6.32385446124e-09; 90.3585712191
30992.28311361176; 4.11498110739e-09; 71.3192434981
30992.61510644188; 5.60171004773e-09; 82.9346216792
30992.94709927199; 5.99860584462e-09; 83.9973857751
30993.27909210211; 4.62073720098e-09; 91.7633154572
30993.61108493222; 4.69426782043e-09; 94.752295138
30993.94307776233; 4.97129501157e-09; 83.5722449891
30994.27507059245; 5.65700475961e-09; 98.2632873567
30994.60706342257; 7.02862811275e-09; 89.0004845177
30994.93905625268; 4.97192398102e-09; 85.7867654925
30995.27104908279; 4.6387296214e-09; 95.6544239767
30995.60304191291; 4.66740993286e-09; 93.5764760619
30995.93503474302; 6.10020139994e-09; 82.1937650736
30996.26702757314; 5.86139734127e-09; 101.126255962
30996.59902040325; 5.77349939627e-09; 94.9645589034
30996.93101323337; 5.70964928644e-09; 74.4184153584
30997.26300606348; 6.34721003282e-09; 88.087838382
30997.59499889359; 3.90119182894e-09; 84.5845367633
30997.92699172371; 5.26181428416e-09; 108.903008896
30998.25898455382; 6.40837660971e-09; 102.608828354
30998.59097738394; 5.22911363972e-09; 77.8510077892
30998.92297021405; 6.09501447678e-09; 83.0621606722
30999.25496304416; 5.99996715156e-09; 94.9964559038
30999.58695587428; 5.94047531037e-09; 87.7667321274
30999.9189487044; 5.71692904954e-09; 85.3084697158
31000.25094153451; 6.53655118809e-09; 83.40808572
31000.58293436462; 4.43226499797e-09; 63.450840989
31000.91492719474; 7.32383321828e-09; 99.7782502566
31001.24692002485; 3.72596489935e-09; 92.7595584851
31001.57891285497; 3.97122796028e-09; 93.9824853236
31001.91090568508; 6.0165386673e-09; 96.2443860506
31002.2428985152; 5.52250081352e-09; 102.790682188
31002.57489134531; 6.37563062252e-09; 88.5289070971
31002.90688417542; 6.16445508561e-09; 91.7504888118
31003.23887700554; 7.05969689929e-09; 86.2079974511
31003.57086983565; 6.50086977077e-09; 96.103482518
31003.90286266577; 5.16670020785e-09; 85.7385473915
31004.23485549588; 4.65939173808e-09; 78.2138560321
31004.566848326; 5.73594127957e-09; 98.5811818665
31004.89884115611; 7.51623821464e-09; 87.0470596339
31005.23083398622; 6.31659970922e-09; 86.8201944438
31005.56282681634; 7.12573215085e-09; 100.681641842
31005.89481964646; 5.44509176899e-09; 83.035360124
31006.22681247657; 3.693769892e-09; 82.4968234464
31006.55880530668; 5.2685765839e-09; 86.6416225011
31006.8907981368; 6.38980299758e-09; 87.2995911814
31007.22279096691; 6.5840137255e-09; 92.7678453063
31007.55478379703; 6.19051282769e-09; 73.9669568234
31007.88677662714; 5.61839165299e-09; 93.7489068749
31008.21876945726; 5.4040081283e-09; 105.239129286
31008.55076228737; 6.2470729111e-09; 90.211186904
31008.88275511748; 5.09830588407e-09; 80.5065520368
31009.2147479476; 5.27980946798e-09; 91.9214100629
31009.54674077771; 6.67254551727e-09; 113.625763551
31009.87873360783; 5.27713940022e-09; 103.906686469
31010.21072643794; 4.82854047055e-09; 102.242162535
31010.54271926806; 7.50716675979e-09; 91.6532296003
31010.87471209817; 4.34547734461e-09; 95.6215253495
31011.20670492829; 4.92791961837e-09; 86.9549921943
31011.5386977584; 4.55293444263e-09; 95.6768959685
31011.87069058852; 4.10631455206e-09; 85.2953805889
31012.20268341863; 6.53640623118e-09; 90.2986960162
31012.53467624874; 6.12115840719e-09; 90.8103711082
31012.86666907886; 7.24257820307e-09; 94.9699579946
31013.19866190897; 6.26268892287e-09; 106.373258598
31013.53065473909; 7.04985660228e-09; 80.1731517152
31013.8626475692; 6.0655464593e-09; 97.0707954627
31014.19464039931; 5.60825419937e-09; 79.2528954604
31014.52663322943; 6.03705153329e-09; 82.134268812
31014.85862605954; 5.36241849305e-09; 95.1819251824
31015.19061888966; 5.46893927732e-09; 88.5356497838
31015.52261171977; 5.75352899712e-09; 84.2785755707
31015.85460454989; 6.10265665374e-09; 99.0145717625
31016.18659738; 5.89520793967e-09; 83.2321260211
31016.51859021011; 5.50782662306e-09; 93.9077204322
31016.85058304023; 6.00057088645e-09; 84.7602171434
31017.18257587035; 5.24535245189e-09; 78.5239198867
31017.51456870046; 4.40757506986e-09; 90.546602963
31017.84656153057; 6.02342991074e-09; 82.8801334672
31018.17855436069; 6.18274219543e-09; 91.3788390587
31018.5105471908; 6.5402616398e-09; 89.3845024703
31018.84254002092; 6.23807225076e-09; 101.426772045
31019.17453285103; 6.46401946073e-09; 79.4082509283
31019.50652568115; 5.27607949247e-09; 78.9306387483
31019.83851851126; 5.56932226234e-09; 82.9338425558
31020.17051134137; 6.98008968863e-09; 86.1517936224
31020.50250417149; 4.87174575349e-09; 84.4891605628
31020.8344970016; 5.51749387195e-09; 85.8919399721
31021.16648983172; 6.6967780531e-09; 71.9287124327
31021.49848266183; 6.24157463483e-09; 79.0860766499
31021.83047549195; 4.70857291424e-09; 115.289914456
31022.16246832206; 7.2012039635e-09; 86.1971950134
31022.49446115218; 4.85568041037e-09; 95.805517616
31022.82645398229; 4.80716055119e-09; 77.1174261517
31023.15844681241; 7.01572595223e-09; 106.556403442
31023.49043964252; 7.93598245862e-09; 90.7028231153
31023.82243247263; 6.48359726064e-09; 99.524888941
31024.15442530275; 6.18381138369e-09; 77.0731261741
31024.48641813286; 6.86955856307e-09; 79.4171154826
31024.81841096298; 6.02917689121e-09; 102.135026677
31025.15040379309; 6.42910597664e-09; 118.315495586
31025.48239662321; 5.38824620518e-09; 72.6584514062
31025.81438945332; 5.51449351884e-09; 96.0404016548
31026.14638228343; 5.85387508297e-09; 101.970037471
31026.47837511355; 5.50558286002e-09; 85.4475491514
31026.81036794366; 5.23045689882e-09; 90.1385094219
31027.14236077378; 6.81381960761e-09; 102.366698561
31027.47435360389; 6.0234351709e-09; 65.3981445806
31027.806346434; 5.98228676702e-09; 73.4568857069
31028.13833926412; 5.39829640909e-09; 93.1746689393
31028.47033209424; 7.28358047085e-09; 92.115295382
31028.80232492435; 7.44878205372e-09; 102.383619991
31029.13431775446; 6.88184926268e-09; 93.9524215756
31029.46631058458; 8.20118165668e-09; 88.3079504626
31029.79830341469; 6.00097563332e-09; 78.5529844248
31030.13029624481; 5.15408742408e-09; 88.0656456979
31030.46228907492; 6.72684105924e-09; 83.732015854
31030.79428190504; 6.13976704007e-09; 89.9402287133
31031.12627473515; 7.24396069716e-09; 80.5766729794
31031.45826756526; 7.11217572185e-09; 86.724512717
31031.79026039538; 6.76658908198e-09; 91.163340099
31032.12225322549; 6.50580094033e-09; 90.6840242865
31032.45424605561; 6.45905167425e-09; 105.743534304
31032.78623888572; 6.08038987839e-09; 90.1354480912
31033.11823171584; 5.06678022673e-09; 71.7036071506
31033.45022454595; 8.23298457551e-09; 85.1430277868
31033.78221737607; 6.51085878237e-09; 93.0509941808
31034.11421020618; 7.20712794754e-09; 92.2477517605
31034.4462030363; 6.31638475139e-09; 76.4524393428
31034.77819586641; 8.17000729075e-09; 89.1172494405
31035.11018869652; 6.81985416027e-09; 105.499301988
31035.44218152664; 6.86672519277e-09; 99.8525758527
31035.77417435675; 6.30465211106e-09; 86.7908526958
31036.10616718687; 6.75779566098e-09; 89.4495733501
31036.43816001698; 7.1430550327e-09; 107.554631508
31036.7701528471; 6.93931176663e-09; 80.6862115526
31037.10214567721; 5.66446997595e-09; 87.2681861154
31037.43413850732; 7.66674824948e-09; 83.7894834795
31037.76613133744; 8.45663710804e-09; 96.0935515862
31038.09812416755; 7.64341119709e-09; 90.7893200893
31038.43011699767; 6.27778887267e-09; 93.5193621993
31038.76210982778; 7.96365976225e-09; 79.4868788759
31039.09410265789; 6.06661439418e-09; 98.4510904862
31039.42609548801; 6.77817304215e-09; 81.6159020442
31039.75808831813; 6.78443251488e-09; 86.6398923873
31040.09008114824; 6.4156966758e-09; 99.3100829806
31040.42207397836; 6.47752091013e-09; 88.9609882812
31040.75406680847; 7.29969104257e-09; 88.4785470502
31041.08605963858; 7.03388361775e-09; 92.1571366195
31041.4180524687; 5.79634835405e-09; 96.8648466015
31041.75004529881; 6.48629472293e-09; 98.0549746643
31042.08203812893; 5.87050351536e-09; 94.1213813077
31042.41403095904; 7.58811815474e-09; 105.51935996
31042.74602378915; 7.96169311405e-09; 80.3860948429
31043.07801661927; 6.08043778626e-09; 91.3077392138
31043.41000944938; 7.03451662696e-09; 90.7426457004
31043.7420022795; 6.87760186125e-09; 86.9231883122
31044.07399510961; 8.05320250646e-09; 94.0629805898
31044.40598793973; 7.54057759183e-09; 82.4832819581
31044.73798076984; 5.64744861606e-09; 80.8720791023
31045.06997359996; 6.978418858e-09; 80.8494207748
31045.40196643007; 8.48944742923e-09; 83.1471797298
31045.73395926019; 6.30994366163e-09; 105.184277205
31046.0659520903; 6.1229936715e-09; 76.2912597068
31046.39794492041; 7.37203472943e-09; 91.2031711747
31046.72993775053; 5.22730100247e-09; 86.5307124768
31047.06193058064; 5.70625082404e-09; 100.452503866
31047.39392341076; 8.11051421455e-09; 93.471972481
31047.72591624087; 7.79596546325e-09; 103.046866862
31048.05790907099; 8.4817091616e-09; 95.0877375487
31048.3899019011; 6.74335194252e-09; 95.7723500528
31048.72189473121; 6.37459203966e-09; 85.8171241705
31049.05388756133; 6.73443276385e-09; 87.313581948
31049.38588039144; 7.78695341714e-09; 75.4048474928
31049.71787322156; 8.4798412703e-09; 82.5742227935
31050.04986605167; 7.50309449847e-09; 84.0113676702
31050.38185888179; 7.61759394736e-09; 84.5328888801
31050.7138517119; 7.1005921777e-09; 94.5166727605
31051.04584454202; 7.69538803376e-09; 89.221890691
31051.37783737213; 7.02392087267e-09; 77.6406103799
31051.70983020225; 7.13515701298e-09; 86.5453895297
31052.04182303236; 8.74791722857e-09; 89.1404530174
31052.37381586247; 5.81559617531e-09; 102.723094303
31052.70580869259; 7.8727607994e-09; 81.9580872911
31053.0378015227; 5.99073557132e-09; 81.8429142505
31053.36979435282; 7.24279260066e-09; 91.3828937685
31053.70178718293; 7.34728210667e-09; 82.9766587221
31054.03378001305; 7.90648047379e-09; 85.9657774622
31054.36577284316; 6.45046419591e-09; 103.985996844
31054.69776567327; 7.32733893838e-09; 88.9243936763
31055.02975850339; 8.94499999118e-09; 97.1424224354
31055.3617513335; 7.21159936181e-09; 91.1159415305
31055.69374416362; 8.54183151526e-09; 85.8803345468
31056.02573699373; 7.85879299184e-09; 90.7080962655
31056.35772982385; 7.94487434635e-09; 92.3996866469
31056.68972265396; 7.51369842304e-09; 90.8723222448
31057.02171548408; 6.58154907714e-09; 94.9729156893
31057.35370831419; 7.0279204146e-09; 95.1130953364
31057.6857011443; 8.02427368735e-09; 99.8216467045
31058.01769397442; 7.35990385495e-09; 89.2775757923
31058.34968680453; 6.81503402811e-09; 83.2723920755
31058.68167963465; 7.1282625239e-09; 83.6876232927
31059.01367246476; 8.75346488653e-09; 87.6799777968
31059.34566529488; 8.12295242994e-09; 97.0325905474
31059.67765812499; 7.20908337015e-09; 93.8620338927
31060.0096509551; 7.24623761166e-09; 89.2228624354
31060.34164378522; 6.42109484076e-09; 93.1000261017
31060.67363661533; 8.6847290068e-09; 83.9502718736
31061.00562944545; 7.8870355603e-09; 90.0296595905
31061.33762227556; 8.99736816915e-09; 81.3906867272
31061.66961510568; 8.66647571642e-09; 91.4838059949
31062.00160793579; 8.59321072836e-09; 87.3404504986
31062.33360076591; 7.66627016202e-09; 104.634112573
31062.66559359602; 8.75710100243e-09; 87.7110700894
31062.99758642614; 7.84603170995e-09; 84.0633832715
31063.32957925625; 7.32861632278e-09; 89.0796836898
31063.66157208636; 7.87119226048e-09; 91.0647962666
31063.99356491648; 7.7755510995e-09; 81.2060277892
31064.32555774659; 6.30083286412e-09; 100.305374913
31064.65755057671; 9.57315692764e-09; 89.9465655128
31064.98954340682; 8.24553404477e-09; 85.661149767
31065.32153623694; 9.92274322529e-09; 91.0404367769
31065.65352906705; 9.16252066332e-09; 88.972664892
31065.98552189716; 8.61473335834e-09; 85.2679707314
31066.31751472728; 8.41865960506e-09; 97.6780302344
31066.64950755739; 6.4797236511e-09; 83.5460949046
31066.98150038751; 7.34589544129e-09; 90.7352168436
31067.31349321762; 8.21131856843e-09; 86.7288392081
31067.64548604774; 8.74606625211e-09; 86.6798251426
31067.97747887785; 6.95540487529e-09; 82.4072031244
31068.30947170797; 8.77753789118e-09; 83.5455353773
31068.64146453808; 8.5513068233e-09; 89.8243810549
31068.9734573682; 6.91896206767e-09; 82.6761798778
31069.30545019831; 8.04671103658e-09; 95.2278969436
31069.63744302842; 9.56870498627e-09; 83.1764317533
31069.96943585854; 7.14925531954e-09; 82.6692262735
31070.30142868865; 9.26638902152e-09; 87.6855212624
31070.63342151877; 8.82587284894e-09; 91.1199239452
31070.96541434888; 8.12167286761e-09; 85.0801595115
31071.29740717899; 6.84270871221e-09; 97.4566110945
31071.62940000911; 8.89781185522e-09; 96.0651793568
31071.96139283922; 9.29498682589e-09; 99.674144513
31072.29338566934; 8.07154164283e-09; 80.9356950652
31072.62537849945; 8.48830679421e-09; 87.3030290603
31072.95737132957; 8.82792915352e-09; 93.4210962324
31073.28936415968; 7.48962058229e-09; 89.6210653124
31073.6213569898; 8.41075623891e-09; 90.5510531632
31073.95334981991; 8.61294429311e-09; 76.3875709545
31074.28534265003; 7.47087004806e-09; 91.0717721728
31074.61733548014; 7.43070304777e-09; 88.0540383557
31074.94932831025; 9.65015430741e-09; 92.3699492474
31075.28132114037; 7.92277009407e-09; 83.4413858824
31075.61331397048; 8.13491047204e-09; 93.8041355052
31075.9453068006; 9.17305911859e-09; 92.3196799746
31076.27729963071; 9.91096928883e-09; 90.4250417414
31076.60929246083; 9.8386782008e-09; 88.8223816875
31076.94128529094; 1.06320403864e-08; 91.5302958745
31077.27327812105; 8.83274862906e-09; 87.0408272547
31077.60527095117; 7.51728695479e-09; 96.1755048868
31077.93726378128; 8.31489997075e-09; 92.516491292
31078.2692566114; 7.10038721155e-09; 94.2709928407
31078.60124944151; 1.18716757245e-08; 89.576979178
31078.93324227163; 8.8796958189e-09; 93.1737894789
31079.26523510174; 8.42273903362e-09; 88.0867226942
31079.59722793186; 7.87238196263e-09; 96.4702678935
31079.92922076197; 6.93764174717e-09; 84.8502253691
31080.26121359209; 1.0905308521e-08; 86.8343675129
31080.5932064222; 8.79125331963e-09; 82.8941675029
31080.92519925231; 8.40528503497e-09; 82.2828504512
31081.25719208243; 1.02235218975e-08; 94.3478868985
31081.58918491254; 9.90698109763e-09; 90.839035638
31081.92117774266; 8.16652252982e-09; 93.8903487629
31082.25317057277; 7.91486050241e-09; 81.6762742408
31082.58516340289; 7.0637452944e-09; 89.9009585641
31082.917156233; 7.80800537584e-09; 83.2995328463
31083.24914906311; 9.69545136922e-09; 91.6955531738
31083.58114189323; 9.13209853112e-09; 89.1365695757
31083.91313472335; 9.70354667248e-09; 86.8036777471
31084.24512755346; 1.0139607873e-08; 89.3687521732
31084.57712038357; 8.9845728166e-09; 95.7345058769
31084.90911321369; 9.05589881798e-09; 90.6129212842
31085.2411060438; 8.46521643434e-09; 95.200872995
31085.57309887392; 9.60880470392e-09; 88.2018702545
31085.90509170403; 8.07917881515e-09; 87.3881130988
31086.23708453414; 8.51773765573e-09; 90.2144049406
31086.56907736426; 9.00468469848e-09; 95.7456595812
31086.90107019437; 8.49829558726e-09; 87.7879147616
31087.23306302449; 1.0112391593e-08; 76.8293135637
31087.5650558546; 8.50535496749e-09; 79.2120777848
31087.89704868472; 8.01810658553e-09; 83.0250731218
31088.22904151483; 1.1039636184e-08; 90.9042645842
31088.56103434494; 7.45274435714e-09; 92.1576912491
31088.89302717506; 8.54056517053e-09; 85.9716026627
31089.22502000517; 8.72364991766e-09; 82.8197229131
31089.55701283529; 9.36973075097e-09; 89.8383831251
31089.8890056654; 1.0125792526e-08; 95.6080963726
31090.22099849552; 8.44073132353e-09; 86.9369362878
31090.55299132563; 1.02866346347e-08; 81.5979532825
31090.88498415575; 1.03068460756e-08; 92.1455334827
31091.21697698586; 1.060128937e-08; 90.4425099343
31091.54896981598; 9.95130656053e-09; 89.7079056471
31091.88096264609; 9.28490663204e-09; 87.770840232
31092.2129554762; 1.09266252011e-08; 80.7219047751
31092.54494830632; 1.19277284799e-08; 87.9749452156
31092.87694113643; 9.77201095339e-09; 87.5645512039
31093.20893396655; 9.88548997146e-09; 86.5855729702
31093.54092679666; 1.04274304433e-08; 83.4695479414
31093.87291962678; 1.00884648834e-08; 99.8026749919
31094.20491245689; 9.07887317115e-09; 90.9564825592
31094.536905287; 1.08724364973e-08; 91.1321736102
31094.86889811712; 9.9377114244e-09; 77.0749080052
31095.20089094724; 9.06782060727e-09; 86.9152402708
31095.53288377735; 7.73472508964e-09; 88.6452989535
31095.86487660746; 9.90586253464e-09; 85.7317808997
31096.19686943758; 9.23923438854e-09; 94.3774185392
31096.52886226769; 1.14982256804e-08; 88.5462357854
31096.86085509781; 1.02812375055e-08; 91.8466968136
31097.19284792792; 1.1074555261e-08; 86.4193350648
31097.52484075804; 9.39200318541e-09; 82.16115529
31097.85683358815; 1.045703267e-08; 97.4937067846
31098.18882641826; 1.0799223216e-08; 91.2150733873
31098.52081924838; 9.76173916789e-09; 93.7911484209
31098.85281207849; 1.1237799777e-08; 90.7779603248
31099.18480490861; 1.04500580086e-08; 86.546553001
31099.51679773872; 1.11273115878e-08; 88.1326921282
31099.84879056883; 1.0162653828e-08; 91.9952649675
31100.18078339895; 1.06155933507e-08; 98.9091505391
31100.51277622906; 1.11642308748e-08; 94.699636011
31100.84476905918; 1.03799834763e-08; 85.2384039035
31101.17676188929; 1.1127800815e-08; 81.9587072522
31101.50875471941; 9.21658267862e-09; 83.4334351982
31101.84074754952; 1.10206791076e-08; 88.002742378
31102.17274037964; 9.75400165963e-09; 81.7973296223
31102.50473320975; 1.06219756508e-08; 92.0759408713
31102.83672603987; 9.88864183723e-09; 90.5410835057
31103.16871886998; 1.0835823635e-08; 89.0817088681
31103.50071170009; 1.24595079818e-08; 91.0455748184
31103.83270453021; 1.12075891021e-08; 92.9469097653
31104.16469736032; 1.06861577922e-08; 90.5918997332
31104.49669019044; 1.3485180854e-08; 81.8258555037
31104.82868302055; 1.08151496637e-08; 89.9640051192
31105.16067585067; 1.18027951525e-08; 86.3706842261
31105.49266868078; 1.05926069572e-08; 83.3585936674
31105.82466151089; 1.15702746548e-08; 90.5617098386
31106.15665434101; 1.22601115033e-08; 100.833465431
31106.48864717113; 1.00768047963e-08; 92.661626043
31106.82064000124; 1.11100836169e-08; 81.5346093594
31107.15263283135; 1.13967389817e-08; 90.0943959167
31107.48462566147; 1.17398414901e-08; 85.6979362805
31107.81661849158; 1.1943871236e-08; 95.4139352245
31108.1486113217; 1.06172175338e-08; 88.8827457892
31108.48060415181; 1.2323238272e-08; 93.035480384
31108.81259698193; 1.24634314013e-08; 82.0546675874
31109.14458981204; 1.4221353182e-08; 82.1438466644
31109.47658264215; 1.23003730994e-08; 87.3854062924
31109.80857547227; 1.3556705452e-08; 88.3513656997
31110.14056830238; 1.13505724239e-08; 83.9455054713
31110.4725611325; 1.24741973741e-08; 93.3872006342
31110.80455396261; 1.11957076265e-08; 84.6869880841
31111.13654679272; 1.25850134059e-08; 81.082353925
31111.46853962284; 1.13359635592e-08; 94.4850248762
31111.80053245295; 1.11437763723e-08; 84.9254221339
31112.13252528307; 1.39439569402e-08; 91.4186057832
31112.46451811319; 1.41909838661e-08; 86.2653714291
31112.7965109433; 1.23697026744e-08; 91.2445396854
31113.12850377341; 1.33564267049e-08; 86.7113523108
31113.46049660353; 1.44944306184e-08; 86.8480927197
31113.79248943364; 1.26990307122e-08; 84.3200443043
31114.12448226376; 1.17723796363e-08; 84.4488592455
31114.45647509387; 1.09895644035e-08; 84.4411808438
31114.78846792398; 1.18213501917e-08; 89.7885137127
31115.1204607541; 1.14569366582e-08; 78.0340740849
31115.45245358421; 1.23617449635e-08; 84.1146303797
31115.78444641433; 1.21701535493e-08; 84.2675286692
31116.11643924444; 1.4306797178e-08; 87.1091858503
31116.44843207456; 1.35439704196e-08; 91.1346565605
31116.78042490467; 1.25843566668e-08; 90.388611194
31117.11241773478; 1.28925078438e-08; 93.4487300388
31117.4444105649; 1.45849521524e-08; 87.4022944474
31117.77640339502; 1.37176080498e-08; 90.3795312442
31118.10839622513; 1.35443989057e-08; 86.1026805134
31118.44038905524; 1.47785847078e-08; 90.4269894494
31118.77238188536; 1.4592910185e-08; 85.3013838075
31119.10437471547; 1.30441759111e-08; 86.6153595568
31119.43636754559; 1.36494446026e-08; 78.9250660688
31119.7683603757; 1.44779030494e-08; 88.6743516973
31120.10035320582; 1.48125537219e-08; 80.2397704062
31120.43234603593; 1.52307019822e-08; 82.0971461151
31120.76433886604; 1.44947980879e-08; 86.6509969535
31121.09633169616; 1.27453876552e-08; 83.5194641206
31121.42832452627; 1.53611139386e-08; 92.0714959565
31121.76031735639; 1.55388485519e-08; 91.7916650709
31122.0923101865; 1.34276096603e-08; 88.0703293282
31122.42430301662; 1.50900860911e-08; 89.7175259328
31122.75629584673; 1.57121588891e-08; 81.5279504354
31123.08828867684; 1.60388371112e-08; 90.1656972267
31123.42028150696; 1.673822419e-08; 85.2383517657
31123.75227433708; 1.6633668404e-08; 87.5150450595
31124.08426716719; 1.57795370279e-08; 87.3711171554
31124.4162599973; 1.57969361633e-08; 86.8290623944
31124.74825282742; 1.46329605871e-08; 88.9039897344
31125.08024565753; 1.49338514989e-08; 88.4989386445
31125.41223848765; 1.43643325383e-08; 91.739376114
31125.74423131776; 1.65081889821e-08; 83.0469119665
31126.07622414788; 1.49010346323e-08; 93.1865974329
31126.40821697799; 1.66794240883e-08; 85.2607819238
31126.7402098081; 1.54399008427e-08; 86.9747161062
31127.07220263822; 1.67099626381e-08; 94.0191790864
31127.40419546833; 1.68467742323e-08; 84.588201477
31127.73618829845; 1.71861567042e-08; 80.2012927989
31128.06818112856; 1.48253076088e-08; 84.5189563398
31128.40017395867; 1.7844927315e-08; 87.6666246329
31128.73216678879; 1.6761030935e-08; 84.9814435225
31129.06415961891; 1.60177393463e-08; 80.1500496406
31129.39615244902; 1.74410055426e-08; 83.6449044332
31129.72814527913; 1.69351826799e-08; 89.8683845601
31130.06013810925; 1.68012413931e-08; 91.6483943605
31130.39213093936; 1.56476498523e-08; 80.776399782
31130.72412376948; 1.68894549382e-08; 86.8141354393
31131.05611659959; 1.76634141708e-08; 85.8499418819
31131.38810942971; 1.71939586313e-08; 82.3540311015
31131.72010225982; 1.76274973211e-08; 84.3432540141
31132.05209508993; 1.66374844016e-08; 89.6262357518
31132.38408792005; 1.71630711292e-08; 89.0329387829
31132.71608075016; 1.82814553674e-08; 86.3195794848
31133.04807358028; 1.9154826882e-08; 85.0311425407
31133.38006641039; 1.65176862981e-08; 86.280249308
31133.71205924051; 1.92336093714e-08; 85.3358176553
31134.04405207062; 1.96009614069e-08; 87.6068956978
31134.37604490073; 1.85402457958e-08; 83.1726904352
31134.70803773085; 1.96505887294e-08; 88.7610071035
31135.04003056097; 1.97317549192e-08; 83.5871448794
31135.37202339108; 2.00703205168e-08; 91.9917249595
31135.70401622119; 2.03725461065e-08; 83.0973121554
31136.03600905131; 1.88693172193e-08; 85.3056048916
31136.36800188142; 2.23402609535e-08; 86.9649719547
31136.69999471154; 2.09605268848e-08; 84.3476771292
31137.03198754165; 2.1050240058e-08; 83.9570323017
31137.36398037177; 1.90448082724e-08; 89.1366057545
31137.69597320188; 2.02501283941e-08; 87.0406750626
31138.02796603199; 2.01860816871e-08; 85.4491371648
31138.35995886211; 1.99640902128e-08; 82.4985156289
31138.69195169222; 2.05428389106e-08; 86.3328429075
31139.02394452234; 2.17146275012e-08; 84.6627490715
31139.35593735245; 2.13917802636e-08; 81.7383561945
31139.68793018256; 2.12223465574e-08; 83.901995065
31140.01992301268; 2.18815935322e-08; 81.530948908
31140.3519158428; 2.41062804891e-08; 86.0063489972
31140.68390867291; 2.13734454522e-08; 83.5369012478
31141.01590150303; 2.18927126516e-08; 86.3203627373
31141.34789433314; 2.32794941423e-08; 83.1009468275
31141.67988716325; 2.37870346154e-08; 81.7483807821
31142.01187999337; 2.30294247436e-08; 85.7968334325
31142.34387282348; 2.29827941524e-08; 82.9859084553
31142.6758656536; 2.25270954773e-08; 80.0910426468
31143.00785848371; 2.2630773758e-08; 79.4152831586
31143.33985131382; 2.38257033436e-08; 82.9679862291
31143.67184414394; 2.49802125282e-08; 83.85933548
31144.00383697405; 2.45047632086e-08; 78.9712420339
31144.33582980417; 2.49193649234e-08; 77.6641041645
31144.66782263428; 2.48798167889e-08; 84.6275522696
31144.9998154644; 2.60405255726e-08; 81.5527021631
31145.33180829451; 2.63053410517e-08; 84.2051872551
31145.66380112463; 2.42081696063e-08; 87.7560939419
31145.99579395474; 2.71308626708e-08; 86.3177253215
31146.32778678486; 2.62460955204e-08; 82.2784348726
31146.65977961497; 2.86474609322e-08; 81.0697757742
31146.99177244508; 2.57396143062e-08; 81.2833093782
31147.3237652752; 2.71720918868e-08; 84.8214909128
31147.65575810531; 2.83780579721e-08; 83.0519764959
31147.98775093543; 3.0418671771e-08; 82.487413138
31148.31974376554; 2.82068931803e-08; 83.7999384279
31148.65173659566; 3.00416117106e-08; 77.1326107341
31148.98372942577; 2.97555756201e-08; 78.7726873542
31149.31572225588; 3.11452703103e-08; 81.7900386901
31149.647715086; 3.00091687e-08; 81.1307592908
31149.97970791611; 3.04929227429e-08; 83.0004728409
31150.31170074623; 2.99125721499e-08; 77.6202031667
31150.64369357634; 3.1507978395e-08; 81.8345811783
31150.97568640646; 3.16673102249e-08; 79.4495157599
31151.30767923657; 3.49607670649e-08; 79.48546847
31151.63967206669; 3.25246747728e-08; 80.6606578043
31151.9716648968; 3.32287345064e-08; 82.0273248169
31152.30365772692; 3.36082116653e-08; 78.4244084141
31152.63565055703; 3.64471935098e-08; 76.5547524833
31152.96764338714; 3.59014228003e-08; 79.0046142719
31153.29963621726; 3.60286535195e-08; 77.4507184577
31153.63162904737; 3.67400636472e-08; 81.2166990225
31153.96362187749; 3.66169412726e-08; 80.2007193096
31154.2956147076; 3.71635863411e-08; 79.6966940029
31154.62760753772; 3.69216136289e-08; 78.6033390975
31154.95960036783; 3.78235624737e-08; 79.2236227025
31155.29159319794; 4.14690681736e-08; 78.4538189623
31155.62358602806; 4.27149393537e-08; 76.6801411069
31155.95557885817; 4.13424881437e-08; 79.8567521373
31156.28757168829; 4.40137027065e-08; 76.2255495051
31156.6195645184; 4.45781676757e-08; 77.6353657651
31156.95155734852; 4.59580790077e-08; 77.0220327222
31157.28355017863; 4.4864064599e-08; 75.1528832604
31157.61554300875; 4.62099857604e-08; 75.2542721075
31157.94753583886; 4.75065733631e-08; 75.6908680262
31158.27952866897; 4.80532174684e-08; 73.5332828318
31158.61152149909; 5.05093131312e-08; 74.8775945812
31158.9435143292; 5.27543191248e-08; 71.9528955843
31159.27550715932; 5.13880623912e-08; 71.1384252081
31159.60749998943; 5.44471059684e-08; 72.6664518933
31159.93949281955; 5.47469251436e-08; 71.0111101487
31160.27148564966; 5.73007058856e-08; 69.6617367372
31160.60347847977; 5.73571338748e-08; 70.5679539158
31160.93547130989; 6.16642625222e-08; 70.8158659922
31161.26746414; 6.02740901572e-08; 69.9462606127
31161.59945697012; 6.43827850626e-08; 69.2493618895
31161.93144980023; 6.59884744671e-08; 68.3226619576
31162.26344263035; 6.81105564667e-08; 67.5218324127
31162.59543546046; 7.13130528911e-08; 67.1023279515
31162.92742829058; 7.2903270319e-08; 65.5266854457
31163.25942112069; 7.597562866e-08; 64.144723254
31163.59141395081; 7.79312643478e-08; 63.5509696676
31163.92340678092; 8.16234244092e-08; 62.1001997984
31164.25539961103; 8.57336444973e-08; 62.3998389044
31164.58739244115; 8.80387007131e-08; 60.0003996855
31164.91938527126; 9.10360588147e-08; 57.3494573352
31165.25137810138; 9.58508940851e-08; 56.7667320625
31165.58337093149; 9.83503883287e-08; 54.4686724049
31165.91536376161; 1.01360742197e-07; 53.3035358229
31166.24735659172; 1.08739380144e-07; 50.7562105481
31166.57934942183; 1.12141386807e-07; 48.1858390391
31166.91134225195; 1.17704041201e-07; 44.9663762536
31167.24333508206; 1.223890991e-07; 42.1542558362
31167.57532791218; 1.29030421097e-07; 40.5660124409
31167.90732074229; 1.32969439018e-07; 36.4448761285
31168.23931357241; 1.385500452e-07; 32.9816288417
31168.57130640252; 1.44626135266e-07; 29.5906024073
31168.90329923264; 1.50367749093e-07; 26.0397172045
31169.23529206275; 1.51791744585e-07; 21.561499878
31169.56728489287; 1.59509102257e-07; 17.4344842216
31169.89927772298; 1.61061658822e-07; 12.7622135412
31170.23127055309; 1.63919373973e-07; 7.29384752844
31170.56326338321; 1.63045994618e-07; 2.10203928209
31170.89525621332; 1.64002172892e-07; -2.98287885085
31171.22724904344; 1.62267579194e-07; -7.97452893832
31171.55924187355; 1.59059078163e-07; -13.1097963617
31171.89123470366; 1.55319313244e-07; -17.5421512513
31172.22322753378; 1.50727646172e-07; -22.1267035795
31172.55522036389; 1.46072265964e-07; -26.5949776055
31172.88721319401; 1.3855164339e-07; -30.2988266974
31173.21920602412; 1.32579103607e-07; -33.5830237814
31173.55119885424; 1.27347324673e-07; -37.3222604723
31173.88319168435; 1.24539963766e-07; -39.8943847365
31174.21518451447; 1.17577695557e-07; -42.6695799407
31174.54717734458; 1.1271004022e-07; -45.5546142296
31174.8791701747; 1.08192092804e-07; -48.1154115264
31175.21116300481; 1.03084285929e-07; -50.1745253011
31175.54315583492; 9.87355000032e-08; -52.4813648238
31175.87514866504; 9.36517289533e-08; -53.9245019281
31176.20714149515; 8.98273271521e-08; -55.2665916252
31176.53913432527; 8.78395282949e-08; -56.9003127697
31176.87112715538; 8.07603730453e-08; -57.5066027983
31177.2031199855; 7.91166960461e-08; -60.1795178565
31177.53511281561; 7.58482526923e-08; -60.7478000032
31177.86710564572; 7.38809648099e-08; -62.0261319011
31178.19909847584; 7.07803203453e-08; -63.3498943521
31178.53109130595; 6.71414371981e-08; -64.9079651359
31178.86308413607; 6.72858440425e-08; -65.0566874681
31179.19507696618; 6.25032718669e-08; -66.1530562265
31179.5270697963; 6.10588494612e-08; -65.6229055729
31179.85906262641; 5.94374872659e-08; -67.9532704638
31180.19105545653; 5.7351224826e-08; -68.0923456914
31180.52304828664; 5.79793411883e-08; -67.103755825
31180.85504111676; 5.50340762566e-08; -70.8020271168
31181.18703394687; 5.40299018543e-08; -70.8549320189
31181.51902677698; 4.99730653713e-08; -70.0222351309
31181.8510196071; 4.89834723569e-08; -71.4242146129
31182.18301243721; 4.90360452117e-08; -71.0640134232
31182.51500526733; 4.73029336921e-08; -72.9541915569
31182.84699809744; 4.52031893041e-08; -71.9937512205
31183.17899092755; 4.60293165939e-08; -73.6124095607
31183.51098375767; 4.40000242465e-08; -74.8612670675
31183.84297658778; 4.23226759893e-08; -74.9519854059
31184.1749694179; 4.20082381033e-08; -73.062685349
31184.50696224802; 4.07316801763e-08; -73.2800640686
31184.83895507813; 3.99041128512e-08; -73.2285308398
31185.17094790824; 4.01611895702e-08; -74.3203417203
31185.50294073836; 3.66362235343e-08; -76.332758133
31185.83493356847; 3.87490211666e-08; -77.2494442759
31186.16692639859; 3.62112944979e-08; -77.9108578677
31186.4989192287; 3.57491644416e-08; -76.5081887353
31186.83091205881; 3.45318519534e-08; -75.680130978
31187.16290488893; 3.3459495015e-08; -75.8777561784
31187.49489771904; 3.39811507437e-08; -75.8341825504
31187.82689054916; 3.18014915032e-08; -75.8564303596
31188.15888337927; 3.33738351944e-08; -77.4405711445
31188.49087620939; 3.2485904784e-08; -78.9697470589
31188.8228690395; 3.10250260922e-08; -78.9290094768
31189.15486186961; 3.23379391303e-08; -82.3181940955
31189.48685469973; 2.95233752567e-08; -80.2971439679
31189.81884752984; 2.96340115111e-08; -76.74088529
31190.15084035996; 2.80431378344e-08; -79.6786056084
31190.48283319007; 2.78434261739e-08; -77.8056365216
31190.81482602019; 2.67654187089e-08; -80.6194513048
31191.1468188503; 2.59685588418e-08; -78.9101529449
31191.47881168042; 2.74115631637e-08; -78.9495755879
31191.81080451053; 2.68755132461e-08; -78.1284963318
31192.14279734065; 2.55053535323e-08; -77.4755081072
31192.47479017076; 2.51827369336e-08; -83.8035809152
31192.80678300087; 2.83304398361e-08; -80.1552038957
31193.13877583099; 2.55753136449e-08; -77.9653014167
31193.4707686611; 2.42480664502e-08; -80.6541993413
31193.80276149122; 2.53561761872e-08; -78.8664486
31194.13475432133; 2.39364545475e-08; -79.566114266
31194.46674715145; 2.31532135752e-08; -79.2555333588
31194.79873998156; 2.42918908735e-08; -84.2708408915
31195.13073281167; 2.20629849398e-08; -76.7055694135
31195.46272564179; 2.18669951817e-08; -78.7885668128
31195.79471847191; 2.20289610457e-08; -80.569362761
31196.12671130202; 2.0680813258e-08; -82.7712447505
31196.45870413213; 2.19016573585e-08; -81.8040177497
31196.79069696225; 2.12702437413e-08; -82.0664192478
31197.12268979236; 2.09060226274e-08; -79.330626351
31197.45468262248; 2.10491787259e-08; -80.6980246202
31197.78667545259; 2.03427712771e-08; -78.245244663
31198.11866828271; 1.84690746308e-08; -81.4957641422
31198.45066111282; 2.0857775697e-08; -78.0519651157
31198.78265394293; 2.09418357435e-08; -79.3826283606
31199.11464677305; 1.97424482993e-08; -78.6742855806
31199.44663960316; 1.76433945916e-08; -80.2770645402
31199.77863243328; 1.92672728187e-08; -79.3809338733
31200.11062526339; 1.75775917634e-08; -81.4963337686
31200.4426180935; 1.79302654381e-08; -84.2068824015
31200.77461092362; 1.74555858324e-08; -85.2238222044
31201.10660375373; 1.61532879481e-08; -77.5775081845
31201.43859658385; 1.82010172354e-08; -87.5568442611
31201.77058941396; 1.75777677727e-08; -88.2879406771
31202.10258224408; 1.81453191804e-08; -83.9036354519
31202.43457507419; 1.77204157471e-08; -77.5354965367
31202.76656790431; 1.57277400442e-08; -93.4729761744
31203.09856073442; 1.70819872829e-08; -84.4310620078
31203.43055356454; 1.46816700107e-08; -83.1174120754
31203.76254639465; 1.57296785233e-08; -82.5819838393
31204.09453922476; 1.6324715939e-08; -80.9155259626
31204.42653205488; 1.44378852596e-08; -77.4678622436
31204.75852488499; 1.56285206392e-08; -84.9052612615
31205.09051771511; 1.51702600844e-08; -79.627904022
31205.42251054522; 1.62443884103e-08; -75.725163208
31205.75450337534; 1.53765699558e-08; -80.1436549248
31206.08649620545; 1.53839110048e-08; -82.3148068466
31206.41848903556; 1.55140391775e-08; -81.1486542795
31206.75048186568; 1.42419106922e-08; -85.2654386718
31207.0824746958; 1.35475283772e-08; -86.5869513104
31207.41446752591; 1.32059610463e-08; -83.7308069036
31207.74646035602; 1.36240987076e-08; -79.1245142146
31208.07845318614; 1.48314019773e-08; -79.9030521431
31208.41044601625; 1.43148018872e-08; -81.3215569408
31208.74243884637; 1.41613722512e-08; -84.3120238569
31209.07443167648; 1.52045974321e-08; -86.5659523476
31209.4064245066; 1.44387789288e-08; -90.3020659388
31209.73841733671; 1.2868082798e-08; -85.9485150117
31210.07041016682; 1.54566476626e-08; -76.4894419975
31210.40240299694; 1.27310561172e-08; -82.5917835569
31210.73439582705; 1.48259791933e-08; -78.4194350387
31211.06638865717; 1.17046712332e-08; -85.606509088
31211.39838148728; 1.36119978429e-08; -79.6047725275
31211.73037431739; 1.15338340474e-08; -80.8574870347
31212.06236714751; 1.35858697118e-08; -82.6873615522
31212.39435997762; 1.31235257824e-08; -77.8969596214
31212.72635280774; 1.26148132259e-08; -90.8760754876
31213.05834563786; 1.24985609546e-08; -79.9685534512
31213.39033846797; 1.25281053873e-08; -83.6070956912
31213.72233129808; 1.22512880117e-08; -81.7353137863
31214.0543241282; 1.16777269453e-08; -85.3722334289
31214.38631695831; 1.24498724052e-08; -78.050748336
31214.71830978843; 1.08435235184e-08; -80.9523198268
31215.05030261854; 1.25799329472e-08; -84.0520188842
31215.38229544865; 1.21882060271e-08; -89.199830509
31215.71428827877; 1.12580399796e-08; -79.092787116
31216.04628110888; 1.08740188814e-08; -81.2519153418
31216.378273939; 1.05890565424e-08; -83.0860249334
31216.71026676911; 9.78713898209e-09; -87.8475005368
31217.04225959923; 1.20134318909e-08; -88.4017445015
31217.37425242934; 1.02943658982e-08; -79.343996539
31217.70624525945; 1.14004197956e-08; -81.3670842351
31218.03823808957; 1.13053571019e-08; -92.2447024174
31218.37023091969; 1.08113111189e-08; -76.5329445906
31218.7022237498; 1.13026306288e-08; -92.5206492399
31219.03421657991; 9.5666845282e-09; -84.9095420993
31219.36620941003; 9.88843939255e-09; -83.3636141922
31219.69820224014; 1.04593367546e-08; -80.9138584124
31220.03019507026; 9.17798932106e-09; -82.1647068848
31220.36218790037; 1.08769032975e-08; -78.4152214342
31220.69418073049; 1.18078959232e-08; -87.2158156077
31221.0261735606; 9.38726272448e-09; -80.6626256367
31221.35816639071; 1.0050256726e-08; -81.0923273947
31221.69015922083; 9.86978085476e-09; -91.1419136753
31222.02215205094; 1.06557869838e-08; -86.3585272486
31222.35414488106; 8.08156512099e-09; -90.7990397747
31222.68613771117; 1.10477458911e-08; -81.1223587172
31223.01813054129; 1.040405156e-08; -84.800641913
31223.3501233714; 9.49713486262e-09; -80.1132416299
31223.68211620151; 1.02262235033e-08; -90.7494335936
31224.01410903163; 9.59040848217e-09; -89.4587262436
31224.34610186175; 7.45943199511e-09; -81.9710247726
31224.67809469186; 9.79031867745e-09; -85.9172395702
31225.01008752197; 8.24726890026e-09; -87.1628677019
31225.34208035209; 7.72026881376e-09; -83.7222777869
31225.6740731822; 1.09482396336e-08; -91.4039967686
31226.00606601232; 1.00849619145e-08; -88.3323010444
31226.33805884243; 8.25090085625e-09; -75.6919092619
31226.67005167255; 9.86152708777e-09; -80.7469939694
31227.00204450266; 9.57147388608e-09; -85.4206037042
31227.33403733277; 8.86261817066e-09; -88.0536256163
31227.66603016289; 8.45208014409e-09; -97.6585860773
31227.998022993; 8.34727581429e-09; -79.6129015765
31228.33001582312; 7.18733800549e-09; -75.1616199783
31228.66200865323; 8.26775479819e-09; -90.9059615861
31228.99400148334; 9.75762638718e-09; -94.9120801482
31229.32599431346; 7.41602670474e-09; -92.7800848827
31229.65798714358; 8.24700081387e-09; -85.8128122419
31229.98997997369; 7.82468004133e-09; -88.2329284366
31230.3219728038; 8.43937337946e-09; -83.9277827071
31230.65396563392; 8.41600226679e-09; -82.9376348456
31230.98595846403; 8.20795346522e-09; -102.448479364
31231.31795129415; 9.20847383476e-09; -96.652298335
31231.64994412426; 7.34249407215e-09; -87.1459416343
31231.98193695438; 6.82009707999e-09; -82.0458467243
31232.31392978449; 8.19729865126e-09; -93.4398381897
31232.6459226146; 7.6234220679e-09; -87.7917360496
31232.97791544472; 8.0064413781e-09; -80.9576529205
31233.30990827483; 7.68492954489e-09; -82.3085928799
31233.64190110495; 8.72549954605e-09; -88.4758900569
31233.97389393506; 7.04781415863e-09; -88.8665116728
31234.30588676518; 7.03043388921e-09; -91.4037078714
31234.63787959529; 6.95234071193e-09; -94.6672279511
31234.9698724254; 8.0589064301e-09; -88.5978889537
31235.30186525552; 7.81167500149e-09; -89.8237116446
31235.63385808564; 6.80088331283e-09; -84.0473486731
31235.96585091575; 7.23360662735e-09; -85.0009944854
31236.29784374586; 5.57508320141e-09; -94.5717290893
31236.62983657598; 7.36875130694e-09; -75.4864830449
31236.96182940609; 7.60380010361e-09; -97.2231064471
31237.29382223621; 5.94738351762e-09; -86.5006814903
31237.62581506632; 6.88198396521e-09; -89.6178707179
31237.95780789644; 7.18468441004e-09; -91.8930882059
31238.28980072655; 6.02550763112e-09; -82.0003856405
31238.62179355666; 8.71345070126e-09; -79.4551127849
31238.95378638678; 7.24516387108e-09; -91.770440505
31239.28577921689; 8.13428446324e-09; -67.0127973293
31239.61777204701; 7.77426461254e-09; -82.1188894128
31239.94976487712; 7.48972450831e-09; -83.8153383457
31240.28175770723; 8.27846484657e-09; -80.3091371202
31240.61375053735; 7.62306056097e-09; -98.0120641874
31240.94574336747; 5.99894971554e-09; -84.7758441305
31241.27773619758; 6.04737679004e-09; -83.423729855
31241.6097290277; 6.8294640425e-09; -84.9149003348
31241.94172185781; 8.75541862292e-09; -79.6228223267
31242.27371468792; 6.91325846955e-09; -97.2131534829
31242.60570751804; 6.7183035625e-09; -86.8213271949
31242.93770034815; 7.01904078767e-09; -81.9152137007
31243.26969317827; 7.94996206422e-09; -79.6255815789
31243.60168600838; 7.49779490971e-09; -85.8344622599
31243.93367883849; 7.36158143238e-09; -92.4406802291
31244.26567166861; 5.37454868034e-09; -54.7092841251
31244.59766449872; 5.88622808886e-09; -82.8329921903
31244.92965732884; 4.86993889572e-09; -72.5022283638
31245.26165015895; 6.40483529677e-09; -94.8425717605
31245.59364298907; 6.72213114451e-09; -84.9355640136
31245.92563581918; 6.73596712656e-09; -76.8019208405
31246.25762864929; 6.81542933501e-09; -81.6187652156
31246.58962147941; 6.31841064124e-09; -77.4588321764
31246.92161430953; 5.23661761281e-09; -71.4648616663
31247.25360713964; 6.54598529183e-09; -84.7503156975
31247.58559996975; 6.71515952119e-09; -91.230930005
31247.91759279987; 6.85841593144e-09; -79.0964092773
31248.24958562998; 4.85100590043e-09; -85.9588265723
31248.5815784601; 5.23018917847e-09; -84.2084787291
31248.91357129021; 5.80458531099e-09; -94.7727802943
31249.24556412033; 6.42360864594e-09; -82.4829753794
31249.57755695044; 6.76229283017e-09; -77.8869594629
31249.90954978055; 4.8078666235e-09; -91.4314675445
31250.24154261067; 6.09828494021e-09; -103.672589761
31250.57353544078; 5.82926669941e-09; -71.8769024357
31250.9055282709; 5.83778097633e-09; -84.1898787047
31251.23752110101; 5.8926418873e-09; -90.4160710556
31251.56951393113; 5.21283600715e-09; -94.0170626162
31251.90150676124; 4.41500629434e-09; -92.0414948151
31252.23349959136; 7.73033925589e-09; -93.9692013752
31252.56549242147; 7.05730874341e-09; -90.8339268697
31252.89748525159; 5.42284442008e-09; -91.336170236
31253.2294780817; 3.71564249461e-09; -82.9133375064
31253.56147091181; 5.13963872374e-09; -82.2934067322
31253.89346374193; 6.18315541994e-09; -95.7383178917
31254.22545657204; 6.16571750415e-09; -73.583017708
31254.55744940216; 5.80133485923e-09; -83.8053188325
31254.88944223227; 6.24988110204e-09; -90.6467647391
31255.22143506238; 4.26119085232e-09; -85.7227076907
31255.5534278925; 6.95348580806e-09; -69.1487285096
31255.88542072261; 5.0980079318e-09; -86.5944383438
31256.21741355273; 4.99433588998e-09; -60.4151472834
31256.54940638284; 6.8257691152e-09; -96.2850836837
31256.88139921296; 7.09839892419e-09; -105.04619724
31257.21339204307; 6.02902958756e-09; -75.9070386455
31257.54538487318; 5.28577470083e-09; -87.3211883895
31257.8773777033; 5.41257454609e-09; -101.077603982
31258.20937053342; 6.51338369672e-09; -98.6542592954
31258.54136336353; 5.64196548691e-09; -76.6150721278
31258.87335619364; 4.47456333068e-09; -77.3338511776
31259.20534902376; 5.61572000896e-09; -78.6749022745
31259.53734185387; 6.98357765756e-09; -91.7556824746
31259.86933468399; 7.04630958388e-09; -91.4081922491
31260.2013275141; 3.42730842113e-09; -80.5447409169
31260.53332034422; 4.44440270459e-09; -72.1983828726
31260.86531317433; 4.41572134039e-09; -97.03481622
31261.19730600444; 4.84259564962e-09; -88.1150643514
31261.52929883456; 5.66118907132e-09; -91.2490875375
31261.86129166467; 3.53995199429e-09; -86.441804787
31262.19328449479; 4.55674782789e-09; -77.6869040682
31262.5252773249; 2.70237616837e-09; -113.982064119
31262.85727015502; 3.95142600145e-09; -103.656678358
31263.18926298513; 4.65658668664e-09; -81.3056953896
31263.52125581525; 3.00627085592e-09; -91.9745076618
31263.85324864536; 4.92871866244e-09; -95.1319993867
31264.18524147548; 3.30295330196e-09; -76.2386762543
31264.51723430559; 3.79999705115e-09; -78.7819540091
31264.8492271357; 4.32910284491e-09; -95.5407932788
31265.18121996582; 6.44821988432e-09; -90.6516246108
31265.51321279593; 5.0553137529e-09; -72.0932822245
31265.84520562605; 3.71744692079e-09; -84.2308670194
31266.17719845616; 5.65906415455e-09; -78.4800821889
31266.50919128628; 5.97128527233e-09; -84.9311626583
31266.84118411639; 3.42940195889e-09; -74.6959643429
31267.1731769465; 2.05957390802e-09; -74.3370956342
31267.50516977662; 4.4113311774e-09; -101.339691645
31267.83716260673; 4.30839462916e-09; -87.5298177211
31268.16915543685; 5.2638409463e-09; -83.6256752858
31268.50114826696; 4.12636425422e-09; -94.2339667337
31268.83314109707; 4.23087033116e-09; -102.746870306
31269.16513392719; 2.02908463181e-09; -100.249198517
31269.49712675731; 3.15485758933e-09; -92.2045135521
31269.82911958742; 1.65294288009e-09; -124.428733478
31270.16111241754; 3.54903704095e-09; -102.004981988
31270.49310524765; 2.9953591322e-09; -102.381162589
31270.82509807776; 5.24728596545e-09; -103.43068044
31271.15709090788; 4.57847198656e-09; -85.8617153102
31271.48908373799; 6.07536758842e-09; -65.3314290338
31271.82107656811; 4.30755923837e-09; -94.1260097245
31272.15306939822; 2.38826923108e-09; -101.516132505
31272.48506222833; 4.50852444625e-09; -88.4921644741
31272.81705505845; 2.79876747491e-09; -97.9843311777
31273.14904788856; 4.33340555711e-09; -100.571660043
31273.48104071868; 4.40928456523e-09; -83.4021043315
31273.81303354879; 3.35708146973e-09; -91.6388274192
31274.14502637891; 4.00714679182e-09; -79.0854436708
31274.47701920902; 2.74807410053e-09; -90.4979434701
31274.80901203914; 5.01563657411e-09; -55.4519087711
31275.14100486925; 3.53899010961e-09; -67.5231073014
31275.47299769937; 3.9534910962e-09; -92.4511735263
31275.80499052948; 2.76161296443e-09; -100.582361423
31276.13698335959; 3.24362286149e-09; -63.3103761262
31276.46897618971; 2.83709046118e-09; -80.7860258851
31276.80096901982; 4.75212382439e-09; -84.7562877528
31277.13296184994; 3.46769922073e-09; -97.8005899706
31277.46495468005; 3.00694689487e-09; -89.1765867403
31277.79694751017; 5.45064877568e-09; -75.3056189727
31278.12894034028; 2.89754026194e-09; -110.862366546
31278.46093317039; 4.756659159e-09; -95.3525554015
31278.79292600051; 2.79462461715e-09; -89.8042783531
31279.12491883062; 4.30044939635e-09; -82.5573249058
31279.45691166074; 3.9544480298e-09; -92.9648736784
31279.78890449085; 4.51290872052e-09; -88.2357501751
31280.12089732097; 5.1359560932e-09; -64.7879563146
31280.45289015108; 4.35656408241e-09; -81.1371612222
31280.7848829812; 4.96722774449e-09; -89.9811596501
31281.11687581131; 4.19567495964e-09; -83.8473421217
31281.44886864143; 3.61847231921e-09; -96.2465459016
31281.78086147154; 4.17935530948e-09; -84.8973074393
31282.11285430165; 3.77955714547e-09; -62.3639674821
31282.44484713177; 2.64427379402e-09; -76.8928620671
31282.77683996188; 3.35984483794e-09; -58.4198994612
31283.108832792; 1.9732060552e-09; -42.0938887828
31283.44082562211; 5.77343227838e-09; -90.0968501649
31283.77281845222; 3.48336826052e-09; -85.0264637292
31284.10481128234; 2.91334492472e-09; -59.781465619
31284.43680411245; 3.08656845277e-09; -43.3082112315
31284.76879694257; 4.69507417045e-09; -104.210313437
31285.10078977268; 2.83913626149e-09; -139.021251737
31285.4327826028; 3.70524752593e-09; -80.2701821613
31285.76477543291; 4.28416888267e-09; -76.9236133769
31286.09676826303; 3.60285697256e-09; -98.1862054359
31286.42876109314; 4.23092919101e-09; -103.06130766
31286.76075392326; 3.54322961908e-09; -100.832237871
31287.09274675337; 2.15956646281e-09; -106.47513094
31287.42473958348; 2.4930218387e-09; -70.4180662061
31287.7567324136; 5.2372056003e-09; -60.9515608152
31288.08872524371; 3.3405112607e-09; -81.228017539
31288.42071807383; 4.30621183863e-09; -73.1599781834
31288.75271090394; 4.4999535698e-09; -113.516747009
31289.08470373406; 3.01134605717e-09; -96.4884515349
31289.41669656417; 4.72756602178e-09; -73.8646028676
31289.74868939428; 2.12635087768e-09; -109.488358746
31290.0806822244; 3.17685005214e-09; -111.328790524
31290.41267505451; 3.9214336578e-09; -79.6649660154
31290.74466788463; 3.92408323801e-09; -86.6093049326
31291.07666071474; 4.44229078974e-09; -84.5300458323
31291.40865354486; 2.4072234673e-09; -75.172501961
31291.74064637497; 2.53733630194e-09; -89.3404076761
31292.07263920509; 3.22699852875e-09; -72.7562364315
31292.4046320352; 4.23374475616e-09; -115.694611836
31292.73662486532; 2.90107925547e-09; -140.964878686
31293.06861769543; 1.032909739e-09; -90.9903256894
31293.40061052554; 3.89889858167e-09; -79.7313683275
31293.73260335566; 2.49002565403e-09; -83.081450111
31294.06459618577; 2.57312343269e-09; -107.462500689
31294.39658901589; 2.49877175478e-09; -108.353919829
31294.728581846; 4.15429508946e-09; -92.188863448
31295.06057467612; 1.4783967889e-09; -57.1354579788
31295.39256750623; 8.95731333652e-10; -101.392678193
31295.72456033634; 2.60064795461e-09; -102.737233383
31296.05655316646; 3.22700711993e-09; -74.4730094177
31296.38854599657; 3.98229918649e-09; -77.2006330186
31296.72053882669; 3.85223692157e-09; -56.5317484924
31297.0525316568; 1.8743755652e-09; -112.982264604
31297.38452448692; 2.40434114519e-09; -99.7107164379
31297.71651731703; 3.11933822761e-09; -129.458024094
31298.04851014715; 3.05122612429e-09; -93.4146222382
31298.38050297726; 3.01205301988e-09; -116.376736493
31298.71249580738; 4.03372203007e-09; -85.781251624
31299.04448863749; 2.79864949933e-09; -77.3403197958
31299.3764814676; 2.52890428541e-09; -71.9056414681
31299.70847429772; 2.87367096949e-09; -90.7222298677
31300.04046712783; 2.29532525191e-09; -113.862770104
31300.37245995795; 1.96326506979e-09; -129.951415736
31300.70445278806; 3.53708261042e-09; -84.6512426679
31301.03644561817; 3.3421896742e-09; -109.850704849
31301.36843844829; 3.52757495268e-09; -83.5832095903
31301.7004312784; 2.01251635697e-09; -66.0612525564
31302.03242410852; 2.22955509304e-09; -76.4540357523
31302.36441693863; 2.40243536776e-09; -95.6495215618
31302.69640976875; 2.21215262912e-09; -70.9392393365
31303.02840259886; 2.23715669259e-09; -71.3715308529
31303.36039542898; 3.64315513418e-09; -83.2147957625
31303.69238825909; 3.48469507091e-09; -69.1888056252
31304.02438108921; 3.24217613075e-09; -136.907225436
31304.35637391932; 4.33119658335e-09; -88.3052352739
31304.68836674943; 3.48797951065e-09; -76.0083475411
31305.02035957955; 3.69277037423e-09; -105.050553619
31305.35235240966; 1.52570793102e-09; -86.7412710089
31305.68434523978; 2.07120258784e-09; -80.7324925669
31306.01633806989; 2.82082127395e-09; -104.846863266
31306.34833090001; 2.99536554981e-09; -106.141321075
31306.68032373012; 2.46226445998e-09; -115.975330204
31307.01231656023; 1.82972194711e-09; -83.9930754962
31307.34430939035; 2.46891556904e-09; -83.5426382245
31307.67630222047; 2.91511941809e-09; -71.3209706591
31308.00829505058; 2.35733520641e-09; -94.2570764493
31308.34028788069; 1.66112134332e-09; -20.41060283
31308.67228071081; 1.01005992916e-09; -78.2720596106
31309.00427354092; 2.34699315455e-09; -92.7736151939
31309.33626637104; 1.71546088216e-09; -97.9885472015
31309.66825920115; 2.21767681699e-09; -112.094539762
31310.00025203127; 1.75158740566e-09; -86.4857054826
31310.33224486138; 3.67555705854e-09; -91.0768397316
31310.66423769149; 2.82008008023e-09; -116.401216463
31310.99623052161; 2.65361750902e-09; -97.1313647255
31311.32822335172; 4.13438485873e-09; -95.2949271166
31311.66021618184; 4.24925661245e-09; -88.1881642763
31311.99220901195; 2.881082047e-09; -75.9217786152
31312.32420184206; 1.02912036341e-09; -90.8938956001
31312.65619467218; 1.77580964395e-09; -87.3895180655
31312.98818750229; 2.47846965289e-09; -128.922930683
31313.32018033241; 6.96527104404e-10; -71.7859259602
31313.65217316253; 6.94963821335e-10; -101.023650424
31313.98416599264; 2.3521195832e-09; -64.4690962303
31314.31615882275; 3.75075822278e-09; -61.6847673924
31314.64815165287; 2.09375677542e-09; -115.582826045
31314.98014448298; 2.9019222035e-09; -61.2563326504
31315.3121373131; 2.61513537811e-09; -30.6756132301
31315.64413014321; 2.31178042867e-09; -86.027556216
31315.97612297332; 3.39314758303e-09; -79.4171887118
31316.30811580344; 3.50984269793e-09; -99.7108313692
31316.64010863355; 2.21761134415e-09; -97.4913754353
31316.97210146367; 3.12132498103e-09; -79.0506094081
31317.30409429378; 2.17248780798e-09; -99.3560321456
31317.6360871239; 2.09045114946e-09; -120.383693778
31317.96807995401; 1.57808665161e-09; -92.4027791792
31318.30007278412; 7.25035701497e-10; -117.335789607
31318.63206561424; 2.69094678817e-09; -76.4357668528
31318.96405844436; 3.34937539222e-09; -67.7276415602
31319.29605127447; 2.96909945193e-09; -61.0975879168
31319.62804410458; 1.35471227481e-09; -85.02829722
31319.9600369347; 2.5162693154e-09; -166.154338386
31320.29202976481; 2.56610635845e-09; -112.234334216
31320.62402259493; 2.91114583325e-09; -126.670422777
31320.95601542504; 2.43674742727e-09; -51.0045763887
31321.28800825516; 6.83743578881e-10; -54.0322726186
31321.62000108527; 1.03620452771e-09; -104.607555899
31321.95199391538; 1.32456004219e-09; -105.229241237
31322.2839867455; 1.66463672302e-09; -73.1818328678
31322.61597957561; 2.00474505873e-09; -94.5234399343
31322.94797240573; 9.80142237802e-10; -92.388757261
